127.07884936
127.07884943
127.07884978
127.0788498250811
127.07884923574878
127.07884973
127.07884901918854
127.07884977128003
127.07884897664327
127.07884983048824
127.07884952000002
127.07884995000002
127.07884986861579
127.07884915000001
127.07884991621282
127.07884942921001
127.07884964047403
127.07884983433344
127.07884997
127.07884984
127.07884982000002
127.0788495975785
127.07884926
127.07884978
127.07885138
127.07885033000001
127.07885042928658
127.07885026419186
127.07884979000002
127.07885106000002
127.0788497722044
