37.63001416
37.63001413
37.63001389
37.63001387
37.63001414
37.63001402
37.6300141
37.63001404
37.63001408
37.63001402
37.63001394
37.63001405
37.63001414
37.63001407
37.63001391
37.63001405
37.63001397
37.63001406
37.63001409
37.63001397
37.63001384
37.63001407
37.63001387
37.63001393
37.63001394
37.63001387
37.63001396
37.63001381
37.63001374
37.63001401
37.63001401
37.6300141
37.63001382
37.63001397
37.63001395
37.6300139
37.6300141
37.63001406
37.63001395
37.63001419
37.63001386
37.63001394
37.63001403
37.63001408
37.63001409
37.63001403
37.63001417
37.63001402
