127.07872949
127.0787294
127.07872931
127.07872948
127.07872919
127.0787296
127.07872969
127.07872968
127.07872927
127.07872962
127.07872923
127.07872937
127.07872948
127.0787296
127.07872963
127.07872955
127.07872948
127.07872959
127.07872958
127.07872966
127.0787293
127.07872942
127.0787296
127.0787298
127.07872956
127.0787293
127.07872949
127.0787295
127.07872952
127.07872962
127.07872938
127.07872937
127.07872927
127.07872955
127.07872944
127.07872953
127.07872935
127.07872943
127.0787295
127.07872944
127.0787294
127.07872927
127.07872963
127.07872945
127.07872942
127.07872946
127.07872931
127.07872964
