1.1380000000000017
0.05700000000000571
-0.26899999999999835
-0.6910000000000025
-0.8329999999999984
-0.277000000000001
0.12900000000000134
0.21999999999999886
0.20750199890905563
-0.7059999999999995
0.1999999999999993
-0.8389999999999986
-0.6219999999999999
-0.4519999999999982
-0.4519999999999982
0.4480000000000004
-0.1819999999999986
-0.7339999999999982
0.2480000000000011
-0.36634224718933694
0.5950000000000024
-0.11899999999999977
-0.134999999999998
-0.472999999999999
0.41799999999999926
0.3249999999999993
-0.19590043289211678
-0.5588823899500959
-0.29199999999999804
0.12800000000000367
-0.37199999999999633
-0.41199999999999903
-0.47699999999999676
-0.07999999999999474
-0.038999999999997925
-0.9940877028329282
-1.3979999999999997
-1.3227814209869777
-0.945999999999998
-0.3559999999999981
-0.5639999999999965
-1.259999999999998
-0.8498730452003507
-0.9029999999999987
-0.04099999999999682
0.6890000000000001
1.2290000000000028
1.6030000000000015
0.6460000000000008
1.227999999999998
1.0720000000000027
0.43299999999999983
1.154
0.7000000000000028
0.9872222612108104
1.3290000000000006
0.5740000000000052
1.1713641589399337
1.593
1.7290000000000028
1.2230000000000025
1.4390000000000036
1.5079999999999991
1.1479999999999997
1.6750000000000043
1.9970000000000034
1.597999999999999
1.434000000000001
1.4520000000000017
1.6829999999999998
1.6110000000000042
1.6560000000000024
1.466000000000001
1.2680000000000007
1.0650000000000048
1.355999999999998
1.4959999999999987
1.6389999999999993
1.8620000000000054
1.7040000000000006
1.9350000000000023
1.5530000000000044
1.5579999999999998
1.4720000000000013
1.5229999999999997
1.556000000000001
1.504999999999999
1.4740000000000038
1.4319999999999986
1.402000000000001
1.480000000000004
1.3939999999999984
1.216000000000001