-0.7659999999999982
-1.3440000000000012
-1.3099999999999952
-1.338000000000001
-1.644999999999996
-1.1739999999999995
-1.1739999999999995
-0.1180000000000021
-0.05799999999999983
-0.2319999999999922
-0.35900000000000176
-0.6599999999999966
-1.759999999999998
-1.936
-1.0119999999999933
-0.23400000000000176
0.6900000000000048
0.3090000000000046
-1.2169999999999987
-0.8919999999999959
-1.0259999999999962
-0.7269999999999968
-0.4339999999999975
0.07600000000000051
0.12800000000000722
0.24500000000000455
0.20900000000000318
0.04100000000000392
1.0650000000000048
0.8269999999999982
1.0930000000000035
0.267000000000003
0.4350000000000023
-0.09899999999999665
-0.3859999999999957
0.21000000000000085
0.21000000000000085
0.4819999999999993
-0.134999999999998
-0.5949999999999989
0.28600000000000136
0.2959999999999994
0.09100000000000108
0.02300000000000324
0.07600000000000051
0.49800000000000466
0.28699999999999903
0.12199999999999989
-1.4239999999999995
-0.9830000000000041
-0.3299999999999983
-0.36699999999999733
-0.33500000000000085
-0.29299999999999926
0.47400000000000375
0.7130000000000081
0.21300000000000807
-0.7919999999999945
-0.9140000000000015
-0.3259999999999934
-1.1090000000000018
-0.5859999999999985
-0.23799999999999955
-0.14300000000000068
-0.19899999999999807
-0.031999999999996476
0.39400000000000546
-0.10999999999999943
-0.43199999999999505
-0.33099999999999596
-1.1119999999999948
0.14699999999999847
0.6230000000000047
-0.43900000000000006
-0.3569999999999922
0.21800000000000352
-0.32099999999999795
0.23000000000000398
-1.7800000000000011
-0.7569999999999979
-0.4089999999999989
0.15100000000000335
0.4340000000000046
0.5970000000000013
0.015000000000000568
0.06800000000000495
0.3719999999999999
-0.8169999999999931
0.22400000000000375
0.13400000000000034
0.6140000000000043
